Essential: 3, [35, 90, 213]
Singular: 0, []
Complete: 26, [14, 28, 31, 33, 34, 37, 50, 51, 59, 61, 62, 66, 76, 79, 91, 92, 95, 98, 99, 117, 121, 132, 152, 157, 164, 211]
Integrous: 0, []
Essential and Singular: 2, [11, 32]
Essential and Complete: 74, [4, 6, 22, 26, 27, 36, 38, 40, 41, 42, 43, 46, 52, 53, 56, 67, 68, 70, 72, 75, 77, 87, 100, 106, 112, 116, 119, 120, 123, 138, 141, 147, 148, 168, 169, 173, 179, 181, 185, 190, 192, 195, 197, 198, 199, 202, 203, 205, 206, 207, 216, 224, 227, 228, 230, 233, 241, 243, 244, 245, 248, 250, 255, 257, 262, 263, 265, 266, 269, 272, 274, 282, 284, 285]
Essential and Integrous: 2, [275, 279]
Singular and Complete: 7, [103, 104, 137, 142, 145, 146, 151]
Singular and Integrous: 0, []
Complete and Integrous: 1, [89]
Essential and Singular and Complete: 26, [78, 82, 96, 107, 108, 125, 128, 154, 155, 160, 187, 200, 208, 210, 212, 214, 217, 226, 235, 236, 237, 238, 249, 251, 253, 276]
Essential and Singular and Integrous: 5, [69, 84, 105, 136, 260]
Essential and Complete and Integrous: 5, [74, 86, 129, 189, 231]
Singular and Complete and Integrous: 6, [18, 88, 130, 170, 186, 219]
Essential and Singular and Complete and Integrous: 117, [1, 2, 3, 5, 7, 8, 9, 10, 12, 13, 16, 17, 19, 20, 23, 24, 25, 29, 39, 44, 45, 47, 48, 49, 55, 57, 58, 60, 63, 64, 65, 71, 73, 80, 81, 83, 85, 93, 94, 97, 101, 102, 109, 110, 111, 113, 114, 115, 118, 122, 124, 126, 127, 131, 133, 134, 135, 139, 140, 143, 144, 149, 150, 153, 156, 158, 159, 161, 162, 165, 166, 167, 171, 172, 174, 175, 176, 177, 178, 180, 182, 183, 184, 188, 193, 196, 201, 204, 209, 218, 220, 223, 225, 229, 232, 234, 239, 240, 242, 247, 252, 254, 256, 258, 259, 261, 264, 267, 268, 270, 273, 277, 278, 280, 281, 283, 286]
