Essential: 2, [3, 66]
Singular: 0, []
Complete: 6, [60, 123, 166, 220, 227, 237]
Integrous: 0, []
Essential and Singular: 2, [174, 244]
Essential and Complete: 10, [9, 29, 43, 44, 53, 73, 100, 173, 201, 211]
Essential and Integrous: 5, [64, 131, 250, 271, 276]
Singular and Complete: 5, [55, 57, 88, 255, 266]
Singular and Integrous: 0, []
Complete and Integrous: 6, [28, 32, 115, 188, 249, 278]
Essential and Singular and Complete: 12, [16, 20, 38, 40, 75, 76, 109, 136, 241, 243, 282, 284]
Essential and Singular and Integrous: 4, [155, 217, 218, 261]
Essential and Complete and Integrous: 23, [1, 11, 39, 46, 49, 62, 98, 105, 107, 119, 127, 167, 171, 178, 184, 185, 190, 191, 213, 223, 235, 239, 256]
Singular and Complete and Integrous: 11, [78, 94, 101, 132, 137, 152, 177, 186, 224, 231, 274]
Essential and Singular and Complete and Integrous: 184, [2, 5, 6, 7, 8, 10, 12, 13, 14, 15, 17, 19, 21, 22, 23, 24, 26, 27, 30, 31, 33, 34, 35, 36, 37, 41, 42, 45, 47, 48, 50, 51, 52, 54, 56, 58, 61, 63, 65, 67, 68, 69, 70, 71, 72, 74, 77, 79, 80, 81, 82, 83, 84, 86, 87, 89, 90, 91, 92, 93, 95, 96, 97, 99, 103, 104, 106, 108, 110, 112, 113, 114, 116, 117, 118, 120, 121, 122, 126, 128, 129, 130, 133, 134, 135, 138, 139, 140, 141, 142, 143, 145, 146, 147, 148, 149, 150, 151, 153, 154, 156, 157, 159, 160, 161, 162, 163, 164, 165, 168, 169, 170, 172, 175, 176, 179, 180, 181, 182, 183, 187, 189, 192, 193, 194, 195, 196, 197, 198, 199, 200, 202, 203, 204, 205, 206, 207, 208, 209, 210, 214, 216, 219, 221, 222, 225, 228, 229, 230, 232, 233, 234, 236, 240, 242, 245, 246, 247, 248, 251, 252, 253, 254, 257, 258, 259, 260, 262, 263, 264, 265, 267, 268, 269, 270, 272, 275, 277, 279, 280, 281, 283, 285, 286]
